broadcasts:
- scheduled_for: 2024-05-04 14:00:00+00:00
  sent_on: 2024-05-04 16:34:46.783343+00:00
- scheduled_for: 2024-05-11 14:00:00+00:00
  sent_on: 2024-05-12 13:16:53.508541+00:00
- scheduled_for: 2024-05-17 14:00:00+00:00
  sent_on: 2024-05-18 13:17:45.224710+00:00
event_id: 1DJ4hoP5
event_start_at: 2024-05-18 14:00:00+00:00
status: !!python/object/apply:techcity.models.BroadcastScheduleStatus
- done
