broadcasts:
- scheduled_for: 2024-08-03 14:00:00+00:00
  sent_on: 2024-08-04 13:19:50.135819+00:00
- scheduled_for: 2024-08-10 14:00:00+00:00
  sent_on: 2024-08-11 13:19:45.233763+00:00
- scheduled_for: 2024-08-16 14:00:00+00:00
  sent_on: 2024-08-17 13:18:33.730922+00:00
event_id: 8osvnAxB
event_start_at: 2024-08-17 14:00:00+00:00
status: !!python/object/apply:techcity.models.BroadcastScheduleStatus
- done
