broadcasts:
- scheduled_for: 2024-07-27 14:00:00+00:00
  sent_on: 2024-07-28 13:19:12.122743+00:00
- scheduled_for: 2024-08-03 14:00:00+00:00
  sent_on: 2024-08-04 13:19:50.135819+00:00
- scheduled_for: 2024-08-09 14:00:00+00:00
  sent_on: 2024-08-10 13:19:21.893609+00:00
event_id: cPqkay5G
event_start_at: 2024-08-10 14:00:00+00:00
status: !!python/object/apply:techcity.models.BroadcastScheduleStatus
- done
