broadcasts:
- scheduled_for: 2024-08-29 21:00:00+00:00
  sent_on: 2024-08-30 13:23:21.450318+00:00
- scheduled_for: 2024-09-05 21:00:00+00:00
  sent_on: 2024-09-06 13:23:24.149233+00:00
- scheduled_for: 2024-09-11 21:00:00+00:00
  sent_on: 2024-09-12 13:25:04.327568+00:00
event_id: E8FL5z8W
event_start_at: 2024-09-12 21:00:00+00:00
status: !!python/object/apply:techcity.models.BroadcastScheduleStatus
- done
