broadcasts:
- scheduled_for: 2024-05-25 14:00:00+00:00
  sent_on: 2024-05-26 13:17:31.020566+00:00
- scheduled_for: 2024-06-01 14:00:00+00:00
  sent_on: 2024-06-02 13:17:46.935660+00:00
- scheduled_for: 2024-06-07 14:00:00+00:00
  sent_on: 2024-06-08 13:18:04.973835+00:00
event_id: ijKDmhog
event_start_at: 2024-06-08 14:00:00+00:00
status: !!python/object/apply:techcity.models.BroadcastScheduleStatus
- done
