broadcasts:
- scheduled_for: 2024-04-04 13:00:00+00:00
  sent_on: 2024-04-04 13:17:32.945323+00:00
- scheduled_for: 2024-04-11 13:00:00+00:00
  sent_on: 2024-04-11 13:18:04.449759+00:00
- scheduled_for: 2024-04-17 13:00:00+00:00
  sent_on: 2024-04-19 02:54:29.142398+00:00
event_id: kas5LWbq
event_start_at: 2024-04-18 13:00:00+00:00
status: !!python/object/apply:techcity.models.BroadcastScheduleStatus
- done
