broadcasts:
- scheduled_for: 2024-05-09 23:00:00+00:00
  sent_on: 2024-05-10 13:18:44.314240+00:00
- scheduled_for: 2024-05-16 23:00:00+00:00
  sent_on: 2024-05-17 13:18:55.316967+00:00
- scheduled_for: 2024-05-22 23:00:00+00:00
  sent_on: 2024-05-23 13:19:22.282580+00:00
event_id: kZ0RmX9B
event_start_at: 2024-05-23 23:00:00+00:00
status: !!python/object/apply:techcity.models.BroadcastScheduleStatus
- done
