broadcasts:
- scheduled_for: 2024-04-23 23:00:00+00:00
  sent_on: 2024-04-24 13:22:53.658609+00:00
- scheduled_for: 2024-04-30 23:00:00+00:00
  sent_on: 2024-05-01 13:17:54.481491+00:00
- scheduled_for: 2024-05-06 23:00:00+00:00
  sent_on: 2024-05-07 13:17:38.335412+00:00
event_id: pscr7rAP
event_start_at: 2024-05-07 23:00:00+00:00
status: !!python/object/apply:techcity.models.BroadcastScheduleStatus
- done
