broadcasts:
- scheduled_for: 2024-03-10 17:00:00+00:00
  sent_on: 2024-03-11 05:40:02.496580+00:00
- scheduled_for: 2024-03-17 17:00:00+00:00
  sent_on: 2024-03-18 13:18:06.293943+00:00
- scheduled_for: 2024-03-23 17:00:00+00:00
  sent_on: 2024-03-24 13:17:14.317242+00:00
event_id: qbCcTotj
event_start_at: 2024-03-24 17:00:00+00:00
status: !!python/object/apply:techcity.models.BroadcastScheduleStatus
- done
