broadcasts:
- scheduled_for: 2024-06-06 13:00:00+00:00
  sent_on: 2024-06-06 13:20:10.012581+00:00
- scheduled_for: 2024-06-13 13:00:00+00:00
  sent_on: 2024-06-13 13:20:20.869613+00:00
- scheduled_for: 2024-06-19 13:00:00+00:00
  sent_on: 2024-06-19 13:20:18.906919+00:00
event_id: tdxCfkCj
event_start_at: 2024-06-20 13:00:00+00:00
status: !!python/object/apply:techcity.models.BroadcastScheduleStatus
- done
