broadcasts:
- scheduled_for: 2024-08-14 23:00:00+00:00
  sent_on: 2024-08-15 13:21:01.406005+00:00
- scheduled_for: 2024-08-21 23:00:00+00:00
  sent_on: 2024-08-22 13:21:43.826644+00:00
- scheduled_for: 2024-08-27 23:00:00+00:00
  sent_on: 2024-08-28 13:22:48.654077+00:00
event_id: TS2ijkAr
event_start_at: 2024-08-28 23:00:00+00:00
status: !!python/object/apply:techcity.models.BroadcastScheduleStatus
- done
