broadcasts:
- scheduled_for: 2024-04-06 14:00:00+00:00
  sent_on: 2024-04-07 13:18:43.033117+00:00
- scheduled_for: 2024-04-13 14:00:00+00:00
  sent_on: 2024-04-14 15:02:49.905102+00:00
- scheduled_for: 2024-04-19 14:00:00+00:00
  sent_on: 2024-04-20 16:27:05.537313+00:00
event_id: Vl7iaZuq
event_start_at: 2024-04-20 14:00:00+00:00
status: !!python/object/apply:techcity.models.BroadcastScheduleStatus
- done
