broadcasts:
- scheduled_for: 2024-04-25 13:00:00+00:00
  sent_on: 2024-04-25 13:14:30.658375+00:00
- scheduled_for: 2024-05-02 13:00:00+00:00
  sent_on: 2024-05-02 13:17:44.940592+00:00
- scheduled_for: 2024-05-08 13:00:00+00:00
  sent_on: 2024-05-08 13:20:09.842737+00:00
event_id: XRtHgjqY
event_start_at: 2024-05-09 13:00:00+00:00
status: !!python/object/apply:techcity.models.BroadcastScheduleStatus
- done
