broadcasts:
- scheduled_for: 2024-07-23 23:00:00+00:00
  sent_on: 2024-07-24 13:22:14.770131+00:00
- scheduled_for: 2024-07-30 23:00:00+00:00
  sent_on: 2024-07-31 13:20:42.584981+00:00
- scheduled_for: 2024-08-05 23:00:00+00:00
  sent_on: 2024-08-06 13:21:41.716756+00:00
event_id: ZUbBWVxr
event_start_at: 2024-08-06 23:00:00+00:00
status: !!python/object/apply:techcity.models.BroadcastScheduleStatus
- done
